0,0,10,100.283
1,0,2,100.005
3,0,7,100.07
1,1,2,30.293
2,1,3,30.297
2,2,3,20.333
1,3,2,70.0
3,3,7,70.127
0,0,1,20.0
1,1,7,80.177
4,1,7,80.098
9,1,9,80.0
3,5,3,30.0
7,6,8,80.125
8,7,10,90.088
3,8,3,30.0
3,9,3,20.0
11,10,6,70.0
12,11,2,20.0
13,12,8,80.0
3,13,3,40.0
3,14,3,110.0
3,15,3,20.0
21,15,2,20.0
3,16,3,40.0
2,17,7,60.0
22,19,4,40.0
23,20,3,10.0
24,22,1,30.0
25,24,5,90.0
26,24,3,90.0
27,24,4,90.0
3,25,3,20.0
15,25,3,20.0
0,26,1,40.0
30,26,4,40.0
3,27,3,30.0
31,27,4,30.0
23,31,3,80.0
3,32,3,50.0
1,0,2,50.0
6,3,3,60.143
11,3,2,60.0
6,5,3,20.0
6,7,3,50.0
18,14,6,60.0
19,14,2,60.0
25,22,7,120.0
26,22,9,120.0
6,5,4,40.0
9,5,3,40.0
18,6,4,150.0
19,6,7,150.0
4,8,6,50.0
0,9,3,40.0
5,10,2,40.0
9,10,3,40.0
1,0,3,20.39
3,1,1,30.0
5,1,4,30.0
6,1,2,30.0
5,3,4,50.167
6,3,2,50.0
1,10,3,10.0
15,10,2,10.0
9,12,6,60.0
11,12,7,60.0
10,13,1,60.0
11,13,7,60.0
0,14,2,20.0
1,14,3,20.0
1,16,3,50.0
6,16,2,50.0
1,17,3,30.0
6,17,2,30.0
20,18,6,130.0
24,21,7,120.0
1,25,3,30.0
26,26,12,40.0
31,32,6,80.0
34,34,7,130.0
1,38,3,40.0
39,38,5,40.0
6,7,1,70.0
7,7,7,70.125
0,2,3,50.115
0,0,5,70.108
1,2,9,100.097
2,6,2,50.0
3,6,1,50.0
4,6,5,50.0
6,8,5,40.0
0,1,3,40.252
1,1,4,40.579
5,2,3,30.0
5,5,3,60.0
11,5,4,60.0
10,8,5,20.0
5,9,3,40.0
15,9,2,40.0
21,11,3,30.0
22,11,5,30.0
21,12,3,50.0
22,12,5,50.0
3,15,5,120.0
6,15,5,120.0
8,15,10,120.0
16,15,4,120.0
17,15,10,120.0
19,15,8,120.0
12,17,4,140.0
3,3,6,60.267
5,5,4,40.0
22,6,3,60.0
15,11,3,80.0
11,14,2,40.0
12,16,5,110.0
21,19,1,40.0
22,19,3,40.0
23,20,6,70.0
24,21,3,70.0
2,24,3,60.0
1,26,2,30.0
2,26,3,30.0
0,0,5,30.188
11,7,6,50.0
13,9,3,90.0
8,10,2,30.0
7,12,9,90.0
10,16,1,60.0
25,30,5,70.0
13,41,3,40.0
47,42,4,70.0
8,47,2,40.0
35,47,2,40.0
8,48,2,20.0
13,48,3,20.0
48,52,9,90.0
49,53,9,80.0
43,55,8,90.0
8,57,2,30.0
13,57,3,30.0
44,58,14,100.0
8,60,2,50.0
0,0,3,20.61
1,1,2,80.0
2,2,5,50.456
3,4,1,40.0
6,8,10,100.095
0,0,2,30.021
1,0,3,30.182
10,5,3,40.0
1,8,3,60.0
3,2,4,20.0
1,6,5,30.0
2,6,4,30.0
5,6,5,30.0
7,6,3,30.0
8,6,10,30.0
9,6,15,30.0
6,9,4,90.0
1,14,5,160.0
2,14,4,160.0
4,14,6,160.0
5,14,5,160.0
6,14,4,160.0
7,14,3,160.0
8,14,10,160.0
9,14,15,160.078
0,0,2,40.153
1,1,8,50.211
9,7,2,90.0
10,7,8,90.0
17,16,5,70.0
6,17,4,30.0
2,1,6,70.179
0,5,3,90.0
4,8,11,100.07
6,8,10,100.095
0,11,3,40.0
28,11,3,40.0
0,14,3,50.0
18,22,1,10.0
22,29,2,50.0
0,33,3,30.0
0,41,3,60.0
3,0,4,30.25
5,2,2,60.0
6,3,4,80.081
7,5,7,70.125
9,8,9,80.0
11,10,8,90.0
12,11,9,110.0
21,0,2,40.0
3,2,3,60.2
8,3,2,20.0
4,8,9,130.041
3,11,3,170.0
15,11,6,170.0
4,12,9,140.0
20,16,8,80.0
11,21,5,90.0
1,3,4,60.059
2,3,2,60.0
3,4,4,50.167
6,9,3,30.0
8,11,2,100.0
19,17,3,40.0
4,19,7,250.0
4,25,7,100.0
0,26,1,30.0
3,4,3,60.0
3,8,3,90.0
19,12,2,70.0
1,20,2,50.0
19,3,13,60.0
11,4,3,40.0
7,6,5,60.0
5,15,4,40.0
3,16,4,50.0
10,16,2,50.0
11,16,3,50.0
3,17,4,30.0
32,22,5,50.0
33,25,2,20.0
4,1,2,80.0
1,6,5,50.0
2,6,4,50.0
3,6,3,50.0
5,6,5,50.0
5,6,6,60.143
12,12,7,20.0
16,18,4,50.0
17,18,6,50.0
18,20,6,110.0
1,21,3,50.0
3,21,2,50.0
2,2,5,30.486
3,4,3,60.0
51,10,2,100.0
8,20,3,30.0
8,28,3,50.0
56,35,5,50.0
54,36,3,50.0
67,45,9,120.0
15,46,2,60.0
8,48,3,80.0
8,53,3,90.0
8,60,3,60.0
22,60,5,60.0
8,61,3,80.0
17,61,8,80.0
26,62,9,110.0
6,0,3,90.0
0,3,4,100.213
2,9,3,150.0
4,9,10,150.054
7,9,10,150.047
11,9,6,150.0
12,9,6,150.0
0,0,5,90.076
1,0,3,90.0
0,1,5,40.12
1,1,3,40.25
3,3,5,50.53
5,3,5,50.167
7,3,2,50.0
8,3,6,50.0
2,1,2,40.002
7,13,3,60.0
12,13,6,60.0
7,15,3,100.0
11,7,4,50.0
12,7,2,50.0
13,10,5,70.0
14,14,4,40.0
7,2,3,80.0
12,3,7,40.0
15,6,6,70.0
18,7,3,30.0
5,9,9,130.071
6,9,7,130.0
17,9,9,130.0
22,11,5,90.0
20,13,4,70.0
25,17,6,70.0
34,19,5,50.0
27,21,6,70.0
28,21,2,70.0
4,22,2,30.0
30,23,11,100.0
29,26,13,60.0
2,0,2,30.354
1,2,7,60.131
6,9,6,110.0
11,10,7,50.0
3,17,2,40.0
0,0,2,20.541
4,9,4,70.0
11,10,11,100.0
15,14,6,70.0
16,14,3,70.0
17,16,4,70.0
18,17,7,80.0
16,18,3,110.0
17,19,4,50.0
23,19,4,50.0
36,33,5,80.0
42,38,7,120.0
44,38,8,120.0
0,43,2,30.0
24,56,4,50.0
0,0,5,40.732
3,2,3,60.2
5,2,2,60.0
4,4,5,50.586
8,8,10,90.126
17,17,3,60.0
23,26,7,100.0
44,27,5,60.0
30,29,4,130.0
31,29,9,130.0
32,30,5,60.0
3,31,3,60.0
38,35,8,90.0
1,0,3,70.0
1,1,3,100.0
2,1,10,100.161
5,2,2,50.0
18,6,8,90.0
3,7,1,30.0
17,7,4,30.0
8,19,4,100.0
22,4,5,50.0
6,8,2,50.0
10,11,3,40.0
11,11,4,40.0
10,14,3,50.0
8,15,3,40.0
27,27,3,60.0
35,33,3,40.0
0,0,3,40.526
3,2,3,20.0
4,4,3,40.0
5,5,7,50.167
6,6,8,70.261
8,6,3,70.0
9,9,10,90.1
16,10,7,60.0
13,14,5,30.0
2,15,3,60.0
33,15,3,60.0
14,16,2,40.0
15,17,5,110.0
21,21,3,30.0
34,33,4,60.0
32,35,6,60.0
45,36,5,60.0
46,37,5,50.0
26,40,4,40.0
29,44,2,60.0
39,45,4,80.0
2,0,9,30.157
3,4,4,80.111
8,10,6,40.0
1,1,6,60.354
2,1,3,60.205
3,1,6,60.077
1,3,6,60.098
2,3,3,60.143
3,3,6,60.267
14,13,6,60.0
10,21,6,100.0
17,21,9,100.0
12,24,2,80.0
20,24,9,80.0
0,6,2,120.0
5,6,8,120.036
8,6,8,120.033
9,6,5,120.0
6,7,2,50.0
4,9,2,80.0
3,3,3,40.2
5,5,2,30.0
6,7,3,60.0
7,12,4,50.0
16,16,6,240.0
4,3,7,90.115
3,6,3,50.0
11,9,8,60.0
1,12,3,50.0
6,12,4,50.0
12,12,5,50.0
8,3,9,60.0
7,5,6,100.072
2,7,5,70.0
5,7,6,70.0
11,9,4,40.0
2,12,5,90.0
4,12,2,90.0
9,12,7,90.0
13,3,2,40.0
6,6,5,160.0
11,6,10,160.038
12,6,9,160.018
8,8,2,70.0
10,8,8,70.0
15,12,10,110.0
11,14,10,170.0
12,14,9,170.0
4,12,4,50.0
9,5,8,70.0
4,6,3,40.0
1,11,4,70.0
3,11,10,70.0
6,11,8,70.0
9,11,8,70.0
1,3,3,100.0
2,3,2,100.0
3,3,7,100.08
4,3,5,100.08
6,3,8,100.175
7,6,11,90.136
0,1,3,50.321
1,1,5,50.332
5,5,5,60.143
16,13,4,70.0
2,4,4,60.143
8,7,7,70.0
13,12,2,30.0
13,14,2,90.0
4,18,3,60.0
15,18,4,60.0
17,19,4,60.0
3,20,5,100.0
19,20,4,100.0
27,20,11,100.0
29,20,9,100.0
30,20,4,100.0
2,29,4,30.0
24,32,6,90.0
7,8,3,60.0
9,12,9,60.0
14,13,3,70.0
11,17,7,80.0
13,18,2,100.0
2,22,3,70.0
18,22,2,70.0
19,22,7,70.0
2,5,8,80.101
7,0,4,40.0
2,5,3,70.0
10,8,3,140.0
5,11,10,120.0
12,13,7,50.0
0,16,3,40.0
5,16,2,40.0
5,22,2,20.0
26,22,2,20.0
27,23,8,80.0
11,24,2,110.0
0,1,2,70.0
1,6,9,90.099
2,6,6,90.1
4,6,5,90.0
5,6,5,90.0
6,6,3,90.0
8,1,2,40.0
9,1,2,40.0
3,3,2,80.0
0,11,1,40.0
2,2,9,60.185
10,5,10,100.091
19,12,4,40.0
31,15,4,100.0
34,15,9,100.0
5,17,2,50.0
30,17,3,50.0
24,21,5,70.0
26,23,8,70.0
31,25,4,120.0
34,25,9,120.0
13,27,7,90.0
32,27,7,90.0
38,27,4,90.0
29,2,8,110.0
6,11,3,60.0
8,11,2,60.0
7,15,7,70.0
6,16,3,60.0
9,29,9,70.0
10,30,9,70.0
18,30,4,70.0
25,30,4,70.0
11,8,3,90.0
5,16,6,90.0
6,16,6,90.0
8,21,6,80.0
2,29,13,180.0
14,38,6,60.0
16,38,4,60.0
22,38,8,60.0
5,1,4,60.266
8,4,8,90.19
2,5,2,40.0
4,5,1,40.0
9,5,4,40.0
3,8,4,110.0
4,8,1,110.0
5,8,4,110.0
9,8,4,110.0
12,8,6,110.0
11,16,3,40.0
10,2,2,20.0
15,10,3,30.0
14,11,2,50.0
16,11,7,50.0
1,7,3,50.0
13,12,7,180.0
15,12,6,180.0
16,12,6,180.0
2,15,5,120.0
4,15,8,120.0
7,15,9,120.0
8,15,8,120.0
9,15,5,120.0
11,15,8,120.0
1,2,4,40.149
2,2,4,40.516
0,5,3,110.0
8,8,5,110.0
9,9,7,130.0
12,9,5,130.0
13,9,6,130.0
19,14,10,110.0
19,16,10,110.0
21,16,10,110.0
26,19,2,20.0
27,20,7,70.0
0,22,3,110.0
0,23,3,140.0
6,23,2,140.0
28,23,8,140.0
5,25,12,30.0
15,25,5,30.0
31,25,3,30.0
34,28,5,90.0
36,28,9,90.0
1,3,10,110.066
7,6,6,70.125
3,9,4,70.0
4,9,8,70.0
5,9,8,70.0
9,9,7,70.0
7,1,10,140.025
1,2,5,70.07
8,5,8,120.043
14,5,8,120.0
12,8,9,100.0
0,11,3,90.0
11,11,10,90.0
16,13,3,40.0
17,14,9,120.0
18,15,10,140.0
21,18,4,70.0
22,19,4,40.0
23,19,5,40.0
23,20,5,40.0
0,21,3,70.0
2,21,2,70.0
24,21,3,70.0
27,24,14,120.0
28,25,6,100.0
4,4,5,50.586
5,4,6,50.167
8,0,4,100.122
13,4,5,130.071
14,5,9,90.0
19,13,6,110.0
16,16,3,120.0
3,4,12,110.096
9,7,9,90.1
10,8,9,90.0
6,12,5,50.0
2,15,3,40.0
13,15,5,40.0
14,16,11,110.0
15,17,3,30.0
24,25,5,60.0
2,30,3,100.0
38,33,9,90.0
43,49,10,130.0
51,65,10,100.0
2,67,3,40.0
13,3,2,60.0
2,4,2,100.0
3,4,9,100.1
5,8,3,70.0
19,10,8,90.0
12,12,8,90.0
14,16,10,150.0
5,21,3,50.0
29,32,11,100.0
30,33,8,100.0
22,13,8,60.0
5,15,5,80.0
6,15,3,80.0
12,15,5,80.0
14,15,7,80.0
20,15,6,80.0
16,17,10,100.0
3,7,5,80.0
8,10,4,40.0
19,12,3,20.0
20,17,5,100.0
2,2,9,80.207
4,5,6,90.093
5,6,4,40.0
3,7,4,70.0
9,16,2,70.0
15,19,2,30.0
9,30,2,50.0
26,33,8,70.0
0,2,2,70.0
10,2,3,70.0
10,5,3,60.0
11,8,10,90.0
13,10,2,20.0
22,20,2,20.0
22,21,2,40.0
22,22,2,80.0
25,22,8,80.0
1,1,6,140.0
3,4,4,60.143
14,8,5,50.0
15,21,4,80.0
23,24,9,60.0
2,25,2,70.0
22,25,5,70.0
21,26,9,90.0
44,31,7,110.0
5,36,5,70.0
28,36,7,70.0
29,37,6,50.0
24,47,7,110.0
42,53,2,70.0
5,63,5,100.0
8,8,8,100.091
5,4,11,160.093
6,6,2,40.0
7,8,4,40.0
12,13,7,40.0
26,30,3,30.0
4,32,2,30.0
17,35,5,100.0
35,42,6,110.0
0,4,13,90.051
4,4,5,90.052
6,4,7,90.113
10,4,4,90.0
11,4,6,90.0
14,4,10,90.0
85,3,2,30.0
44,10,9,190.0
62,10,11,190.0
68,13,8,80.0
6,16,5,60.0
51,29,3,30.0
0,30,2,50.0
32,32,9,80.0
33,32,6,80.0
55,34,4,80.0
88,41,5,40.0
92,43,8,80.0
40,44,10,120.0
8,54,3,90.0
28,7,3,40.0
10,14,6,90.0
11,16,6,100.0
25,21,7,70.0
5,26,1,60.0
28,26,3,60.0
22,31,5,70.0
25,34,7,50.0
54,34,6,50.0
27,37,2,60.0
28,54,3,50.0
43,59,8,150.0
7,60,2,80.0
44,60,9,80.0
45,61,7,60.0
9,68,2,90.0
16,17,9,70.0
37,38,4,90.0
31,45,14,150.0
33,50,7,40.0
34,51,9,60.0
41,56,11,100.0
15,13,2,40.0
16,45,4,70.0
14,64,7,60.0
21,69,4,60.0
25,72,4,70.0
0,0,8,70.41
1,3,4,30.254
3,3,3,30.25
6,7,4,50.0
12,11,3,40.0
17,12,7,70.0
13,25,3,90.0
21,25,2,90.0
2,1,7,110.12
15,23,10,80.0
3,25,4,50.0
35,25,8,50.0
38,27,6,90.0
14,36,1,50.0
22,36,3,50.0
60,54,3,60.0
7,2,4,40.0
12,14,9,100.0
13,14,13,100.0
19,14,12,100.0
9,16,9,70.0
16,18,4,130.0
10,12,8,60.0
24,26,4,50.0
36,41,2,40.0
7,3,6,80.172
18,33,4,50.0
9,53,3,80.0
18,53,4,80.0
52,64,4,40.0
3,6,3,60.0
4,6,4,60.0
6,6,6,60.143
8,6,8,60.0
9,6,4,60.0
39,6,7,50.0
13,20,2,30.0
24,24,4,80.0
8,34,9,140.0
9,38,5,90.0
3,1,4,40.21
7,5,2,50.0
8,5,7,50.0
11,9,3,30.0
12,9,2,30.0
19,13,8,80.0
31,31,7,80.0
30,35,5,70.0
7,7,3,90.0
1,1,2,60.0
12,9,3,20.0
12,11,3,60.0
3,3,10,100.131
5,5,5,50.167
7,10,7,50.0
4,5,7,100.099
14,9,5,60.0
2,0,4,70.014
0,26,2,70.0
35,29,2,70.0
39,30,4,80.0
10,9,9,120.077
0,6,2,90.0
11,14,3,60.0
21,17,2,20.0
25,24,3,70.0
23,34,3,40.0
38,34,7,40.0
31,37,2,90.0
23,39,3,20.0
2,1,6,70.179
7,7,4,100.0
18,17,2,50.0
39,30,10,80.0
47,40,7,70.0
24,44,4,70.0
47,44,7,70.0
30,46,2,20.0
52,46,5,20.0
63,57,7,70.0
18,16,7,110.0
1,2,8,80.123
3,6,7,30.0
5,6,3,30.0
6,6,5,30.0
8,6,3,30.0
3,9,7,30.0
5,9,3,30.0
6,9,5,30.0
8,9,3,30.0
12,13,1,10.0
13,14,11,120.0
6,11,5,60.0
9,11,3,60.0
4,16,4,90.0
6,16,7,90.0
9,16,6,90.0
12,16,14,90.0
7,19,1,30.0
5,6,3,50.0
9,17,8,70.0
3,18,3,80.0
7,18,3,80.0
10,18,10,80.0
13,22,6,90.0
4,4,7,80.175
16,10,8,100.0
4,3,4,50.496
9,11,5,70.0
4,11,3,70.0
4,4,4,40.2
15,13,5,30.0
24,29,6,80.0
5,6,5,60.0
3,7,4,110.0
31,5,4,130.0
13,10,2,100.0
4,19,7,70.0
13,30,2,60.0
40,30,6,60.0
2,3,10,90.168
7,7,5,100.0
20,19,11,140.0
22,19,4,140.0
6,20,3,30.0
3,4,9,110.118
7,14,2,60.0
25,16,3,50.0
27,18,8,70.0
14,17,5,80.0
15,17,3,80.0
16,1,5,70.0
4,3,2,60.0
5,3,6,60.265
4,6,2,30.0
8,6,3,30.0
3,1,5,40.218
1,4,2,120.0
3,4,5,120.09
13,4,7,120.0
16,7,7,70.0
5,10,9,110.0
3,2,3,110.0
8,7,7,110.083
8,6,8,90.117
1,0,6,90.082
5,9,8,60.0
8,9,4,60.0
9,10,4,80.0
10,10,4,80.0
11,10,7,80.0
13,16,10,110.0
5,4,6,50.167
7,6,4,30.0
14,8,12,160.067
6,17,8,80.0
8,17,10,80.0
11,17,9,80.0
12,17,4,80.0
13,17,9,80.0
16,17,5,80.0
7,4,10,60.0
6,9,9,70.125
7,11,4,90.0
13,11,6,90.0
0,5,2,80.0
6,15,3,80.0
7,5,7,100.07
0,0,6,200.0
1,0,8,200.0
4,3,9,70.128
6,5,9,110.112
7,5,5,110.083
5,6,2,80.0
6,6,9,80.108
7,6,5,80.0
6,6,2,20.0
12,6,2,20.0
6,7,2,40.0
7,7,4,40.0
8,7,4,40.0
8,8,4,40.0
11,12,4,40.0
18,16,8,90.0
19,16,6,90.0
19,17,6,60.0
16,20,9,80.0
22,20,7,80.0
0,21,3,110.0
12,21,2,110.0
14,21,2,110.0
26,23,8,170.0
33,31,4,30.0
35,34,8,90.0
41,37,9,90.0
31,47,4,120.0
46,47,11,120.0
47,47,12,120.0
14,58,2,70.0
55,58,9,70.0
59,63,4,50.0
61,63,6,50.0
61,67,6,130.0
62,67,9,130.0
12,68,2,20.0
63,68,2,20.0
64,69,4,40.0
67,69,4,40.0
64,72,4,40.0
67,72,4,40.0
68,73,3,30.0
3,3,6,70.222
5,3,9,70.237
15,10,7,40.0
22,20,11,130.0
24,23,8,90.0
8,6,6,90.1
4,9,4,50.0
2,16,6,90.0
15,16,12,90.0
18,20,2,20.0
19,21,2,20.0
20,22,2,20.0
0,1,8,60.123
6,6,7,80.164
20,22,7,130.0
21,22,9,130.0
23,26,4,40.0
26,29,11,130.0
5,1,10,70.122
10,6,12,140.048
1,2,10,120.124
3,6,3,60.0
5,6,7,60.406
10,14,5,80.0
0,0,4,20.387
4,2,8,110.163
11,3,3,80.0
11,12,3,70.0
18,12,7,70.0
5,21,2,80.0
30,26,6,70.0
1,30,4,130.0
40,33,7,120.0
29,4,7,50.0
0,7,3,50.0
4,8,9,100.076
2,19,11,120.0
3,22,7,100.0
4,5,8,100.041
5,6,4,50.0
7,17,3,60.0
20,18,2,70.0
21,19,5,40.0
25,26,5,160.0
26,26,4,160.0
27,26,5,160.0
33,30,6,80.0
41,33,11,60.0
3,8,6,100.0
7,8,6,100.0
14,12,4,50.0
38,12,5,50.0
17,25,9,100.0
8,29,3,60.0
20,29,6,60.0
48,46,9,70.0
49,47,6,60.0
16,5,3,30.0
21,24,4,80.0
18,30,5,60.0
19,32,4,60.0
20,35,2,70.0
33,39,2,30.0
42,46,4,80.0
1,1,10,200.001
14,8,5,70.0
16,11,5,60.0
18,13,6,60.0
0,2,3,50.115
4,2,2,50.0
3,9,3,50.0
4,9,2,50.0
8,14,2,90.0
15,14,9,90.0
7,1,4,70.125
1,2,4,90.058
3,2,4,90.018
4,2,5,90.086
5,2,5,90.03
8,2,14,90.15
11,2,8,90.0
8,3,2,100.0
7,4,9,60.0
0,10,10,90.1
28,11,3,60.0
34,16,4,90.0
34,20,4,50.0
11,26,3,50.0
8,29,4,60.0
2,6,4,60.0
24,21,4,120.0
34,32,7,90.0
3,16,3,110.0
7,5,5,40.0
2,7,4,60.0
17,14,2,50.0
17,18,2,70.0
31,27,4,40.0
32,28,4,40.0
1,29,4,60.0
13,11,12,110.0
19,15,4,80.0
6,28,2,120.0
43,38,7,70.0
59,45,4,100.0
2,5,5,80.111
9,5,11,110.086
10,5,12,110.116
1,1,12,130.261
4,1,3,130.018
6,1,6,130.051
4,2,3,30.0
5,5,9,110.101
10,20,10,100.0
11,20,4,100.0
31,20,8,100.0
5,22,2,60.0
14,22,6,60.0
16,24,8,100.0
20,27,6,90.0
30,41,7,100.0
31,41,8,100.0
6,45,3,40.0
36,47,8,80.0
6,52,3,50.0
34,52,5,50.0
51,56,5,140.0
40,59,4,90.0
41,60,4,40.0
43,62,6,100.0
43,64,6,50.0
56,76,5,70.0
61,83,6,70.0
65,87,9,110.0
1,1,10,100.208
2,8,3,70.0
17,16,3,30.0
9,19,2,40.0
21,19,3,40.0
0,26,3,120.0
20,38,1,110.0
16,40,8,120.0
24,24,4,100.0
5,32,3,60.0
36,37,4,60.0
13,3,7,110.0
13,2,6,70.0
6,11,4,40.0
3,5,5,50.167
9,8,8,110.083
15,11,9,100.0
11,15,3,70.0
6,3,13,120.08
6,5,5,30.0
10,1,2,60.0
13,1,10,60.0
16,1,3,60.0
11,11,2,100.0
17,17,13,140.0
23,21,9,90.0
24,24,8,110.0
31,29,10,140.0
16,31,3,70.0
34,31,4,70.0
16,33,3,50.0
37,33,12,50.0
25,35,3,120.0
43,35,7,120.0
41,38,3,30.0
6,4,11,100.071
11,9,6,100.0
15,12,7,70.0
21,16,10,100.0
22,17,9,80.0
24,0,5,30.0
11,10,5,50.0
15,13,7,60.0
17,14,11,90.0
23,19,9,60.0
35,21,4,40.0
1,1,5,90.176
6,1,4,90.042
7,1,8,90.108
19,1,7,90.0
1,3,5,70.068
3,5,7,40.543
5,13,5,70.0
2,2,3,80.0
5,4,8,90.143
8,7,5,60.0
11,10,7,70.0
15,14,5,50.0
19,17,2,20.0
2,21,3,100.0
23,24,9,120.0
25,26,5,60.0
2,30,3,110.0
0,0,2,60.0
1,0,5,60.215
2,2,4,60.324
28,17,1,10.0
21,25,4,10.0
6,26,5,190.0
8,26,8,190.0
10,26,9,190.0
18,26,10,190.0
20,26,6,190.0
25,28,9,90.0
4,3,8,90.181
9,6,2,60.0
13,13,7,80.0
1,5,7,80.135
2,5,9,80.078
3,5,6,80.137
4,5,7,80.098
7,5,5,80.111
9,5,3,80.0
15,5,6,80.0
1,10,7,90.0
2,10,9,90.0
3,10,6,90.0
4,10,7,90.0
7,10,5,90.0
9,10,3,90.0
15,10,6,90.0
15,0,2,30.0
12,5,3,100.0
15,5,2,100.0
17,8,10,120.0
20,11,4,40.0
4,6,7,60.228
11,2,3,70.0
0,8,4,90.0
30,21,4,40.0
0,1,4,60.103
1,5,5,200.0
2,5,4,200.0
4,5,11,200.024
5,5,4,200.0
6,5,3,200.0
8,5,7,200.043
9,5,6,200.0
28,34,4,40.0
31,37,6,60.0
32,37,13,60.0
17,7,7,70.0
11,8,7,100.0
5,17,9,190.0
6,17,6,190.0
8,17,11,190.0
12,17,5,190.0
18,17,2,190.0
4,4,2,120.0
4,11,2,60.0
4,14,2,80.0
10,14,3,80.0
11,14,5,80.0
13,15,5,60.0
21,22,6,160.0
22,23,11,80.0
9,14,4,70.0
2,1,9,60.08
11,8,2,20.0
14,13,4,60.0
3,2,7,80.149
33,2,2,80.0
5,6,9,150.094
18,16,8,60.0
20,19,5,60.0
22,19,9,60.0
25,24,7,80.0
38,28,2,100.0
5,4,8,80.091
0,0,7,90.213
9,11,7,70.0
18,20,7,120.0
1,0,9,80.086
8,16,12,110.0
13,19,7,90.0
19,34,2,80.0
11,11,9,90.0
42,35,3,30.0
17,8,2,20.0
18,9,5,50.0
4,16,4,30.0
7,21,2,80.0
25,22,7,40.0
23,24,9,100.0
11,29,1,60.0
31,29,6,60.0
33,31,4,40.0
3,5,4,60.0
10,11,1,60.0
11,11,7,60.0
18,15,4,70.0
1,1,6,60.354
1,3,9,80.191
0,10,2,60.0
3,12,5,110.0
8,12,6,110.0
9,12,9,110.0
20,12,9,110.0
13,16,6,60.0
12,19,2,120.0
12,24,2,90.0
24,24,7,90.0
25,25,5,60.0
27,27,7,100.0
9,11,10,100.0
20,20,13,130.0
1,1,5,50.332
3,0,4,30.25
5,4,4,40.0
6,5,1,30.0
7,5,4,30.0
8,5,4,30.0
12,10,5,40.0
9,3,11,180.032
17,8,4,110.0
13,14,9,130.0
25,14,7,130.0
12,6,3,50.0
10,22,2,80.0
7,25,3,60.0
3,14,5,70.0
18,20,8,90.0
19,21,11,120.0
26,27,9,100.0
8,41,3,120.0
38,41,3,120.0
41,44,4,70.0
42,45,3,30.0
9,7,12,120.061
20,17,7,70.0
30,25,10,40.0
0,3,3,50.167
6,3,2,50.0
37,4,4,70.0
16,17,7,70.0
18,17,12,70.0
33,31,8,120.0
0,0,4,40.458
25,32,10,120.0
4,5,4,80.0
7,6,4,30.0
8,6,2,30.0
10,10,7,60.0
14,11,5,50.0
13,14,3,80.0
0,17,2,100.0
23,17,2,100.0
3,4,10,170.026
4,4,6,170.009
5,4,7,170.002
17,4,8,170.056
18,4,3,170.0
8,7,10,200.1
14,14,5,70.0
15,16,4,40.0
10,7,7,40.0
2,8,6,90.0
21,21,7,70.0
23,22,8,80.0
35,32,9,80.0
16,18,9,100.0
22,21,3,60.0
3,34,3,40.0
37,38,8,40.0
33,39,3,60.0
17,8,7,60.0
11,13,7,80.0
0,1,7,40.079
10,26,3,40.0
5,34,7,250.0
16,34,5,250.0
24,34,6,250.0
34,34,10,250.0
36,34,5,250.0
14,37,9,120.0
41,37,3,120.0
32,39,7,100.0
10,14,8,100.0
11,15,9,40.0
14,16,4,70.0
35,16,3,70.0
32,26,4,40.0
36,35,2,30.0
45,47,7,80.0
48,50,9,120.0
52,56,4,50.0
5,60,3,60.0
29,60,4,60.0
10,4,8,80.0
0,3,3,80.0
1,3,6,80.058
3,3,6,80.069
0,2,3,50.115
7,5,2,20.0
2,6,4,20.0
3,6,4,20.0
4,6,5,20.0
6,6,2,20.0
9,6,1,20.0
6,7,2,30.0
8,7,1,30.0
9,7,1,30.0
6,7,2,40.0
7,7,4,40.0
8,7,4,40.0
35,36,2,20.0
36,37,2,20.0
40,42,13,100.0
43,45,4,110.0
14,46,2,30.0
0,48,3,60.0
12,48,2,60.0
12,57,2,30.0
58,57,3,30.0
60,59,3,30.0
62,61,4,40.0
33,64,8,40.0
49,64,6,40.0
65,64,4,40.0
35,33,4,40.0
11,35,2,70.0
30,35,4,70.0
38,41,6,190.0
45,41,5,190.0
48,46,7,80.0
6,48,3,60.0
63,54,15,90.0
64,60,4,30.0
67,60,3,30.0
67,66,3,120.0
0,1,6,100.061
2,14,3,100.0
2,4,7,80.106
5,4,7,80.203
7,4,4,80.111
8,4,7,80.111
13,4,12,80.0
12,12,10,110.0
1,1,6,70.329
11,11,6,70.0
14,16,4,60.0
18,16,10,90.0
17,13,8,90.0
23,18,6,70.0
15,20,5,80.0
24,23,5,60.0
29,25,4,130.0
11,33,5,80.0
33,33,11,80.0
34,34,4,60.0
16,37,5,110.0
1,1,9,90.224
14,17,8,90.0
24,18,9,130.0
7,8,9,90.096
9,12,10,100.0
28,17,2,100.0
25,25,2,80.0
26,25,3,80.0
27,25,14,80.0
53,25,5,80.0
34,35,4,60.0
45,46,5,60.0
50,49,6,60.0
12,12,9,230.0
14,12,12,230.042
20,17,6,120.0
12,0,3,30.0
10,14,7,110.0
4,4,8,110.051
1,11,10,230.0
7,11,12,230.008
8,11,6,230.0
9,11,9,230.0
14,11,4,230.0
15,11,4,230.0
16,11,6,230.0
22,22,4,40.0
0,20,3,90.0
20,25,3,30.0
32,39,10,110.0
4,4,6,90.2
10,9,9,130.071
6,16,7,110.0
22,10,5,70.0
22,18,5,100.0
39,28,7,80.0
6,8,12,130.094
9,8,4,90.0
29,22,12,120.0
31,22,5,120.0
31,27,5,60.0
3,5,3,50.0
9,5,7,50.0
7,8,8,50.0
23,9,2,70.0
8,11,5,50.0
9,7,4,40.0
8,13,10,100.0
21,1,4,60.0
1,11,2,80.0
4,20,3,40.0
28,30,6,60.0
31,33,7,70.0
2,2,4,40.516
24,18,5,50.0
27,22,6,160.0
14,28,5,80.0
33,28,4,80.0
34,28,11,80.0
35,29,5,60.0
47,42,11,120.0
40,44,4,60.0
0,45,2,50.0
7,16,4,50.0
16,16,4,50.0
17,17,7,70.0
22,20,8,110.0
2,6,7,180.038
4,6,5,180.0
5,6,10,180.01
6,6,7,180.006
8,6,7,180.039
9,6,8,180.027
2,9,7,140.0
4,9,5,140.0
5,9,10,140.044
6,9,7,140.0
8,9,7,140.0
9,9,8,140.0
10,14,10,90.0
5,5,13,120.081
6,10,2,80.0
2,11,6,80.0
8,11,4,80.0
10,11,7,80.0
14,11,12,80.0
16,11,4,80.0
13,14,7,70.0
19,16,4,110.0
17,17,12,110.0
18,18,5,50.0
19,18,4,50.0
5,2,2,70.0
10,2,3,70.0
13,14,4,30.0
3,3,8,110.048
2,5,4,160.0
6,5,5,160.059
7,5,6,160.051
9,5,7,160.009
11,5,4,160.0
2,8,4,60.0
6,8,5,60.0
7,8,6,60.0
9,8,7,60.0
11,8,4,60.0
6,5,6,170.026
16,15,3,60.0
1,3,7,180.151
3,3,2,180.0
4,3,3,180.053
5,3,5,180.149
6,3,6,180.005
2,4,7,90.168
6,6,5,60.0
24,28,3,80.0
27,28,11,80.0
31,28,5,80.0
32,28,8,80.0
4,4,12,80.167
0,5,4,70.0
2,5,2,70.0
0,0,4,30.649
2,7,3,90.0
3,7,5,90.0
6,7,11,90.119
8,7,8,90.265
15,15,3,80.0
28,15,4,80.0
27,26,4,60.0
5,13,4,60.0
6,15,4,50.0
20,15,4,50.0
40,36,5,150.0
41,36,9,150.0
11,11,6,80.0
15,14,7,130.0
0,1,4,60.103
1,1,2,60.0
3,5,8,60.208
8,5,6,60.0
10,5,6,60.0
1,22,2,40.0
17,24,4,60.0
19,26,5,50.0
12,34,2,60.0
29,34,6,60.0
31,35,10,110.0
38,39,8,70.0
39,39,6,70.0
39,40,6,50.0
34,44,3,120.0
1,5,5,120.077
2,5,10,120.102
11,9,4,50.0
14,9,3,50.0
7,5,5,60.0
1,3,4,60.059
8,10,6,180.0
1,11,4,130.0
7,11,9,130.0
9,11,7,130.0
10,11,11,130.071
3,3,8,80.263
9,16,5,80.0
2,23,15,50.0
7,23,5,50.0
22,4,11,130.0
21,19,4,100.0
4,3,8,100.059
13,13,4,80.0
16,17,6,80.0
15,25,12,30.0
25,25,3,30.0
24,26,2,70.0
26,26,7,70.0
8,4,6,80.111
9,4,5,80.0
1,8,4,40.0
2,9,4,90.0
1,22,9,40.0
15,22,4,40.0
19,22,5,40.0
13,14,9,100.0
15,16,9,120.0
8,11,11,110.083
13,13,8,80.0
27,22,4,30.0
43,28,8,100.0
20,14,8,110.0
18,18,6,90.0
18,19,6,60.0
19,19,7,60.0
8,23,3,110.0
15,13,4,90.0
16,13,2,90.0
18,13,4,90.0
9,14,3,60.0
28,23,7,80.0
13,28,8,120.0
28,28,7,120.0
59,40,8,90.0
53,41,10,90.0
1,1,3,40.25
2,1,5,40.187
5,5,4,50.0
23,22,7,70.0
8,10,4,60.0
17,22,9,50.0
27,27,12,160.0
7,35,2,80.0
8,9,12,140.052
19,24,5,50.0
30,33,7,70.0
26,14,9,80.0
26,17,9,130.0
13,24,4,90.0
4,32,3,50.0
20,18,9,110.0
19,10,2,20.0
14,11,7,60.0
16,11,4,60.0
13,17,2,20.0
17,9,8,80.0
0,22,2,110.0
21,27,6,100.0
24,32,5,100.0
27,36,4,90.0
38,40,7,70.0
56,52,12,130.0
3,10,3,120.0
5,5,5,100.091
18,21,4,50.0
24,28,7,60.0
30,34,4,80.0
2,37,8,80.0
12,37,7,80.0
15,37,11,80.0
37,37,8,80.0
6,1,13,90.079
2,17,7,70.0
9,17,13,70.0
18,17,9,70.0
21,17,7,70.0
23,17,12,70.0
24,17,4,70.0
7,5,4,100.0
8,5,4,100.0
4,0,12,110.036
0,1,10,160.001
1,1,5,160.128
2,2,8,120.172
3,2,4,120.0
6,7,2,40.0
7,7,4,40.0
8,7,4,40.0
25,22,13,100.0
43,35,10,120.0
50,44,4,40.0
55,47,4,30.0
12,53,2,30.0
59,53,3,30.0
9,10,4,110.0
12,10,6,110.0
31,27,6,80.0
32,27,7,80.0
31,28,6,100.0
32,28,7,100.0
35,32,9,150.0
40,34,5,50.0
14,15,5,50.0
11,16,9,120.0
5,6,4,40.0
12,18,3,90.0
18,24,9,100.0
3,5,7,70.095
0,6,2,40.0
4,7,7,70.125
0,2,2,50.0
1,2,4,50.068
2,2,4,50.114
4,2,3,50.553
9,2,5,50.0
6,4,4,40.0
8,4,4,40.0
0,9,2,60.0
1,9,4,60.0
2,9,4,60.0
4,9,3,60.0
9,9,5,60.0
21,26,11,110.0
12,22,4,60.0
32,26,10,80.0
4,4,1,160.0
10,11,8,150.0
12,11,13,150.102
8,5,7,70.0
2,12,12,100.091
7,12,5,100.0
9,12,4,100.0
14,12,4,100.0
16,12,6,100.0
18,12,2,100.0
3,13,4,60.0
1,9,4,70.0
7,9,6,70.0
9,9,5,70.0
11,9,7,70.0
12,9,7,70.0
12,13,7,120.0
14,16,8,90.0
13,9,7,120.0
14,10,6,60.0
18,12,2,120.0
6,14,3,110.0
6,11,7,200.0
8,11,10,200.0
9,11,4,200.0
10,11,6,200.0
15,13,3,120.0
12,16,5,70.0
3,8,4,70.0
9,8,2,70.0
11,11,11,110.083
4,12,5,140.0
6,12,6,140.0
8,12,11,140.0
11,12,5,140.0
14,12,5,140.0
21,12,8,140.0
12,24,11,100.0
32,36,14,140.0
9,56,2,50.0
62,72,2,70.0
2,11,2,50.0
15,11,6,50.0
16,12,9,90.0
26,21,11,120.0
9,8,3,70.0
42,26,4,70.0
37,45,7,100.0
38,46,3,70.0
33,49,10,130.0
2,4,6,70.153
8,4,4,150.0
10,7,8,90.0
19,21,6,40.0
31,31,6,120.0
9,35,2,80.0
34,35,7,80.0
15,37,5,90.0
40,39,10,90.0
30,26,4,60.0
13,29,2,40.0
17,29,6,40.0
23,34,8,70.0
24,35,5,60.0
27,38,6,70.0
12,19,2,60.0
5,24,6,120.0
15,24,9,120.0
5,25,6,140.0
15,25,9,140.0
17,27,9,80.0
26,21,2,90.0
9,31,3,70.0
32,31,7,70.0
40,39,10,150.0
42,41,6,70.0
43,42,7,50.0
33,46,3,40.0
2,5,4,80.0
4,5,4,80.0
13,11,1,10.0
10,36,3,90.0
5,7,6,70.0
11,10,7,110.0
4,15,3,60.0
10,15,2,60.0
18,17,5,120.0
27,32,8,70.0
2,2,4,80.134
9,8,7,80.0
6,14,6,100.0
13,14,9,100.0
14,14,8,100.0
9,10,4,100.0
11,14,6,110.0
12,14,9,110.0
15,16,7,80.0
18,21,12,130.0
21,0,3,70.0
21,17,3,80.0
15,17,7,90.0
2,1,9,110.058
7,9,7,70.0
49,9,4,70.0
9,12,10,250.0
10,12,8,250.0
21,21,4,50.0
36,37,4,40.0
6,6,8,60.143
9,8,10,60.0
7,9,5,40.0
42,37,6,100.0
6,7,8,130.081
12,7,9,130.116
16,7,5,130.0
17,7,5,130.0
19,7,14,130.0
15,16,3,110.0
6,21,8,110.0
12,21,9,110.0
16,21,5,110.0
17,21,5,110.0
19,21,14,110.0
0,8,2,50.0
13,17,7,70.0
23,24,11,80.0
25,24,5,80.0
25,26,5,230.0
26,26,11,230.0
16,28,10,80.0
17,29,8,120.0
18,29,5,120.0
4,21,5,100.0
19,21,11,100.0
21,24,10,90.0
23,27,5,190.0
24,27,5,190.0
33,36,2,60.0
23,48,5,100.0
24,48,5,100.0
5,4,12,140.14
12,8,8,150.062
0,1,3,80.0
9,13,5,80.0
10,13,6,80.0
1,7,4,80.0
7,7,8,80.219
10,7,13,80.0
15,7,8,80.0
15,15,8,80.0
17,17,4,50.0
3,6,8,100.055
5,6,5,100.0
7,6,9,100.142
8,6,6,100.091
10,6,6,100.091
6,7,5,80.0
13,12,9,110.0
3,17,8,70.0
5,17,5,70.0
7,17,9,70.0
8,17,6,70.0
10,17,6,70.0
3,6,1,10.0
15,5,7,110.0
24,18,6,80.0
40,32,7,190.0
41,33,5,50.0
42,34,7,70.0
43,37,8,70.0
25,40,3,130.0
50,40,12,130.0
5,42,3,90.0
52,42,3,90.0
9,7,9,100.168
4,8,4,30.0
4,10,4,60.0
32,10,4,60.0
13,16,9,100.0
31,43,7,60.0
34,45,11,120.0
41,55,10,140.0
42,58,12,140.0
47,64,11,60.0
0,13,9,60.0
2,13,7,60.0
4,13,13,60.143
7,13,12,60.0
14,13,10,60.0
0,18,9,110.0
2,18,7,110.0
4,18,13,110.0
7,18,12,110.0
14,18,10,110.0
20,18,3,110.0
5,5,3,50.0
19,8,6,150.0
10,9,7,40.0
19,11,6,110.0
19,13,6,160.0
27,30,2,110.0
5,7,7,80.111
18,7,3,80.0
6,8,8,80.111
27,10,11,110.0
45,10,8,110.0
27,11,11,80.0
1,1,10,90.38
11,24,6,60.0
38,40,3,110.0
39,40,2,110.0
9,23,8,90.0
15,23,3,90.0
18,23,5,90.0
24,23,7,90.0
26,23,9,90.0
27,23,4,90.0
13,9,8,70.0
12,22,4,60.0
32,22,9,60.0
36,27,7,90.0
15,30,3,80.0
15,34,3,50.0
21,15,6,50.0
29,28,2,50.0
37,37,1,60.0
1,1,5,80.072
4,1,6,80.123
43,35,8,100.0
5,10,6,70.0
7,10,10,70.125
11,12,9,80.0
23,21,11,120.0
54,26,4,80.0
43,35,11,130.0
35,57,4,60.0
17,60,5,70.0
5,8,4,110.0
8,8,9,110.064
4,20,1,50.0
22,20,4,50.0
35,22,14,110.0
27,26,6,90.0
30,29,7,70.0
2,2,6,110.089
3,2,5,110.018
13,13,12,90.0
27,5,2,90.0
7,9,12,160.049
28,33,11,40.0
21,34,5,60.0
34,38,7,70.0
6,3,1,30.0
10,8,13,80.0
13,13,8,130.0
26,17,4,220.0
18,24,7,120.0
33,33,4,60.0
26,35,4,100.0
8,47,4,90.0
20,23,6,60.0
17,25,8,70.0
1,6,3,130.0
2,6,7,130.068
5,6,11,130.078
6,6,8,130.074
8,6,3,130.0
10,6,12,130.068
0,4,3,110.0
1,4,2,110.0
3,4,6,110.043
23,17,3,80.0
35,34,4,40.0
36,34,7,40.0
35,35,4,70.0
36,35,7,70.0
1,3,3,100.0
6,6,7,60.143
9,9,5,60.0
2,17,4,110.0
11,17,3,110.0
12,17,10,110.0
13,17,12,110.0
15,17,9,110.0
9,8,10,110.11
7,6,4,50.0
14,14,4,100.0
6,4,9,50.0
41,7,2,150.0
49,14,4,50.0
39,45,11,80.0
40,45,11,80.0
16,50,3,30.0
43,50,10,30.0
0,4,4,100.091
6,4,4,30.0
17,4,4,40.0
35,4,4,20.0
88,4,4,60.0
154,4,4,50.0
159,4,4,100.0
183,4,4,30.0
188,4,4,30.0
217,4,4,30.0
279,4,4,100.0
282,4,4,90.0
319,4,4,60.0
424,4,4,50.0
456,4,4,40.0
493,4,4,90.0
507,4,4,40.0
560,4,4,80.0
561,4,4,130.0
625,4,4,50.0
676,4,4,30.0
741,4,4,70.0
779,4,4,40.0
783,4,4,80.0
801,4,4,30.0
844,4,4,80.0
859,4,4,50.0
1073,4,4,50.0
1171,4,4,40.0
1212,4,4,60.0
1233,4,4,40.0
1250,4,4,30.0
1347,4,4,20.0
1391,4,4,30.0
1401,4,4,80.0
1402,4,4,50.0
